201000 000100 220100 000020 000000 000000
100000 120200 020000 000101 020000 001000
010000 020202 000202 002000 000010 100001
000002 000010 200200 210010 000000 002200
000101 002101 000000 000001 010010 110000
000000 000220 020021 002000 011000 000102
202002 200010 000001 100000 010012 001001
000001 000000 020220 020020 002000 100020
000100 100000 000020 100120 010001 001100
000000 000100 102000 100000 002010 002010
000000 200000 200002 001002 200020 001010
002001 210000 000211 010100 021000 001210
002002 020010 020001 000001 110100 000020
002010 010000 002201 000000 200001 000000
002000 000020 200211 210110 000100 020010
001200 001000 200000 010002 002000 000202
020200 000220 010020 000000 000000 010022
010000 201000 101001 000020 210002 000020
020220 000000 201020 011000 000001 000000
020221 002000 002021 200000 121020 000002
201000 010110 000000 020001 010100 001001
000000 001002 220000 000200 200000 010010
201100 000001 000200 010200 001000 002000
000200 010000 000002 000100 000110 110000
